000011 741.60 48.96 10.08 37.94
000011 731.00 128.00 10.00 38.24
000011 711.00 58.00 9.00 42.49
000011 760.00 45.00 10.00 38.24
000011 720.00 66.00 9.60 39.84
000011 730.80 127.20 9.60 39.84
000011 910.73 241.86 29.86 12.81
000011 738.00 50.00 10.00 38.24
000011 812.16 55.30 19.01 20.12
000011 800.41 99.53 16.59 23.05
000011 738.00 61.20 9.60 39.84
000011 715.20 46.80 9.60 39.84
000011 711.60 57.60 9.60 39.84
000011 718.80 45.60 9.60 39.84
000011 800.06 100.22 17.28 22.13
000011 753.00 35.00 10.00 38.24
000011 725.00 53.00 9.00 42.49
000011 738.00 61.00 10.00 38.24
000011 709.00 71.00 9.00 42.49
000011 711.00 70.00 9.00 42.49
000011 741.60 49.20 9.60 39.84
000011 916.80 49.20 28.80 13.28
000011 725.59 95.55 8.96 42.69
000011 863.55 211.41 21.50 17.79
000011 742.00 49.00 10.00 38.24
000011 862.27 209.09 22.46 17.02
000011 710.40 70.80 8.40 45.53
000011 854.32 228.10 22.81 16.77
000011 918.60 70.50 26.96 14.19
000011 715.00 47.00 9.00 42.49
000011 787.00 95.00 18.00 21.25
000011 728.00 53.00 10.00 38.24
000011 727.20 92.40 9.60 39.84
000011 710.21 55.30 8.64 44.26
000011 551.23 62.21 5.18 73.77
000011 728.00 42.00 10.00 38.24
000011 719.00 66.00 9.00 42.49
000011 791.29 97.04 14.93 25.62
000011 820.55 197.07 21.50 17.79
000011 755.00 46.00 9.00 42.49
000011 314.40 150.00 19.40 19.71
000011 316.22 146.88 19.01 20.12
000011 200.45 300.67 44.93 8.51
000011 701.71 136.86 9.95 38.42
000011 865.94 209.02 23.89 16.01
000011 720.00 142.00 9.00 42.49
000011 332.64 149.76 25.92 14.75
000011 785.89 95.39 16.93 22.58
000011 209.43 153.45 16.59 23.05
000011 801.24 99.53 17.42 21.96
000011 731.00 52.00 10.00 38.24
000011 790.80 98.40 16.80 22.76
000011 738.20 128.56 10.37 36.89
000011 734.55 128.99 10.75 35.58
000011 831.30 189.91 21.50 17.79
000011 726.00 64.00 10.00 38.24
000011 741.60 130.80 10.80 35.41
000011 727.20 42.00 8.40 45.53
000011 790.56 97.92 16.56 23.09
000011 435.95 140.34 14.93 25.62
000011 711.36 57.60 9.36 40.86
000011 765.50 95.04 10.37 36.89
000011 764.40 56.40 10.40 36.77
000011 590.40 194.40 15.84 24.14
000011 764.00 56.00 10.00 38.24
000011 737.86 129.60 10.37 36.89
000011 437.15 143.33 14.33 26.68
000011 496.00 193.00 11.00 34.77
000011 740.28 134.78 10.37 36.89
000011 768.89 92.07 13.76 27.80
000011 719.62 134.37 8.96 42.69
000011 793.15 98.50 16.99 22.51
000011 302.40 148.61 19.01 20.12
000011 433.20 146.40 14.16 27.01
000011 432.00 145.44 12.96 29.51
000011 770.38 92.57 8.96 42.69
000011 721.61 143.08 8.29 46.11
000011 450.39 196.58 14.93 25.62
000011 680.83 84.67 6.91 55.33
000011 696.73 129.39 12.44 30.74
000011 738.72 128.16 10.08 37.94
000011 429.24 145.15 13.69 27.94
000011 725.76 99.53 8.29 46.11
000011 591.00 196.00 16.00 23.90
000011 786.00 194.40 19.20 19.92
000011 432.00 136.80 12.96 29.51
000011 302.75 149.30 19.35 19.76
000011 308.16 144.00 18.72 20.43
000011 720.58 143.42 8.64 44.26
000011 728.40 100.80 10.80 35.41
000011 259.20 279.94 37.32 10.25
000012 1111.45 120.27 29.03 13.24
000012 1108.80 128.16 28.80 13.35
000012 1001.55 85.02 20.74 18.54
000012 1159.56 134.37 32.35 11.88
000012 1197.60 135.60 34.60 11.11
000012 554.00 35.00 6.00 64.06
000012 564.48 59.04 5.76 66.73
000012 985.00 140.00 20.00 19.22
000012 996.00 61.20 20.40 18.84
000012 1068.48 220.32 28.80 13.35
000012 1000.80 86.40 21.60 17.79
000012 561.60 62.21 5.18 74.15
000012 1067.90 219.80 29.03 13.24
000012 1103.62 114.66 28.67 13.41
000012 543.00 31.00 5.00 76.87
000012 1115.00 121.00 29.00 13.25
000012 981.50 114.05 20.74 18.54
000012 547.00 32.00 5.00 76.87
000012 865.00 58.00 11.00 34.94
000012 556.80 38.40 6.00 64.06
000012 846.00 80.40 9.60 40.04
000012 864.00 58.75 12.10 31.78
000012 1198.00 136.00 35.00 10.98
000012 557.00 37.00 6.00 64.06
000012 1100.74 114.05 27.65 13.90
000012 1103.16 124.42 29.03 13.24
000012 988.96 182.74 21.50 17.88
000012 1099.20 112.80 27.60 13.93
000012 1110.00 128.40 28.80 13.35
000012 1161.60 134.40 32.64 11.78
000012 558.72 57.60 5.76 66.73
000012 1121.54 229.32 32.25 11.92
000012 554.00 32.00 5.00 76.87
000012 1058.00 71.00 29.00 13.25
000012 864.00 57.60 11.52 33.37
000012 984.96 139.68 20.16 19.07
000012 853.63 77.76 10.37 37.07
000012 985.37 141.83 19.91 19.31
000012 996.12 182.74 21.50 17.88
000012 1078.54 236.49 28.67 13.41
000012 1072.00 224.00 29.00 13.25
000012 842.00 72.00 9.00 42.71
000012 558.00 43.20 6.00 64.06
000012 1060.99 222.91 27.65 13.90
000012 995.33 62.21 20.74 18.54
000012 1000.30 82.11 19.91 19.31
000012 874.89 107.50 11.94 32.18
000012 1006.28 271.72 38.82 9.90
000012 612.00 138.00 5.00 76.87
000012 972.00 241.00 39.00 9.86
000012 884.40 145.20 13.20 29.12
000012 986.69 139.97 20.74 18.54
000012 993.25 64.28 20.74 18.54
000012 872.99 109.90 12.44 30.89
000012 1119.74 228.93 32.35 11.88
000012 980.40 114.46 19.91 19.31
000012 1112.28 119.44 29.86 12.87
000012 985.38 155.27 20.90 18.39
000012 949.54 154.08 17.92 21.45
000012 885.05 139.74 14.33 26.82
000012 560.00 62.00 6.00 64.06
000012 978.00 145.20 20.40 18.84
000012 1070.40 220.80 28.80 13.35
000012 862.56 70.56 10.08 38.13
000012 1124.64 223.20 34.56 11.12
000012 1121.76 234.72 33.12 11.61
000012 552.00 31.00 6.00 64.06
000012 996.00 60.00 21.00 18.30
000012 1110.00 128.00 29.00 13.25
000012 908.93 162.43 13.82 27.80
000012 1123.20 235.01 32.83 11.71
000012 1119.74 228.10 33.18 11.59
000012 995.33 184.14 19.91 19.31
000012 997.32 191.10 20.90 18.39
000012 1125.12 243.66 32.25 11.92
000012 1107.20 240.07 32.25 11.92
000012 989.00 162.00 20.00 19.22
000012 864.00 69.00 11.00 34.94
000012 1114.56 120.96 31.68 12.13
000012 1069.63 224.64 27.65 13.90
000012 1063.01 223.95 26.87 14.30
000012 904.75 128.40 14.93 25.75
000012 645.00 162.00 6.00 64.06
000012 1020.00 93.60 26.40 14.56
000012 895.68 129.60 12.96 29.66
000012 1069.98 223.95 27.37 14.04
000012 985.38 154.08 17.92 21.45
000012 906.54 128.99 14.33 26.82
000012 829.00 37.00 8.00 48.05
000012 1099.00 113.00 27.40 14.03
000012 842.40 72.00 9.60 40.04
000012 907.20 169.92 14.40 26.69
000012 989.11 134.78 20.74 18.54
000012 988.36 185.13 20.90 18.39
000012 1067.79 225.74 28.67 13.41
000013 662.00 71.00 8.00 47.35
000013 655.20 69.60 7.20 52.61
000013 722.00 36.00 8.00 47.35
000013 706.80 39.60 8.40 45.09
000013 625.54 81.22 8.64 43.84
000013 718.80 42.00 8.40 45.09
000013 655.20 69.12 7.20 52.61
000013 735.84 182.88 44.64 8.49
000013 665.28 69.12 6.91 54.80
000013 661.82 67.39 6.91 54.80
000013 816.17 263.76 37.32 10.15
000013 851.01 273.72 39.81 9.51
000013 682.00 34.00 8.00 47.35
000013 496.80 181.20 12.00 31.57
000013 654.91 69.12 6.91 54.80
000013 731.57 273.72 44.79 8.46
000013 698.72 212.00 44.79 8.46
000013 772.00 38.00 9.00 42.09
000013 660.96 70.56 7.20 52.61
000013 850.18 271.64 39.40 9.61
000013 671.00 50.00 8.00 47.35
000013 681.60 49.20 8.40 45.09
000013 663.60 58.80 7.20 52.61
000013 626.40 82.08 8.64 43.84
000013 660.96 61.92 7.20 52.61
000013 737.54 179.16 44.79 8.46
000013 839.06 262.77 38.82 9.76
000013 707.00 52.00 8.00 47.35
000013 741.60 284.40 43.20 8.77
000013 692.40 43.20 7.20 52.61
000013 812.40 255.60 38.40 9.86
000013 489.02 179.71 12.10 31.32
000013 497.66 179.16 12.44 30.45
000013 831.30 243.66 39.42 9.61
000013 805.00 253.00 38.00 9.97
000013 492.00 178.00 13.00 29.14
000013 716.00 44.00 8.00 47.35
000013 736.00 177.00 45.00 8.42
000013 811.19 258.79 37.32 10.15
000013 668.00 78.00 8.00 47.35
000013 719.00 42.00 8.00 47.35
000013 676.80 168.00 44.40 8.53
000013 714.24 286.56 43.20 8.77
000013 677.38 293.76 44.93 8.43
000013 655.26 68.43 8.29 45.67
000013 665.63 70.50 8.29 45.67
000013 686.78 200.06 41.80 9.06
000013 683.79 179.16 44.79 8.46
000013 506.00 178.00 12.00 31.57
000013 665.00 56.00 8.00 47.35
000013 626.00 83.00 9.00 42.09
000013 661.20 70.80 7.20 52.61
000013 666.00 69.60 7.20 52.61
000013 662.40 62.40 8.40 45.09
000013 738.72 178.56 43.20 8.77
000013 821.15 259.20 37.32 10.15
000013 709.00 50.00 8.00 47.35
000013 840.00 179.00 39.00 9.71
000013 820.80 262.80 37.20 10.18
000013 674.40 79.20 7.20 52.61
000013 804.96 252.00 37.44 10.12
000013 853.63 262.66 39.74 9.53
000013 737.86 217.73 44.93 8.43
000013 701.71 214.00 44.79 8.46
000013 627.06 79.63 7.46 50.74
000013 726.59 281.18 44.79 8.46
000013 853.99 259.78 38.82 9.76
000013 674.00 255.00 45.00 8.42
000013 772.80 37.20 9.60 39.46
000013 702.00 48.00 7.20 52.61
000013 674.40 73.20 7.20 52.61
000013 664.80 56.40 7.20 52.61
000013 497.66 180.40 10.37 36.53
000013 848.52 268.74 39.81 9.51
000013 824.13 250.82 38.82 9.76
000013 731.57 197.07 44.79 8.46
000013 716.00 33.00 8.00 47.35
000013 650.00 166.00 44.00 8.61
000013 707.00 40.00 8.00 47.35
000013 693.00 44.00 8.00 47.35
000013 669.60 50.40 7.20 52.61
000013 843.84 267.84 40.32 9.39
000013 673.92 200.45 44.93 8.43
000013 626.23 80.87 8.29 45.67
000013 725.59 274.71 44.79 8.46
000013 806.22 250.82 38.82 9.76
000013 856.38 250.82 39.42 9.61
000013 714.00 33.00 8.00 47.35
000013 704.40 60.00 7.20 52.61
000013 735.60 190.80 44.40 8.53
000013 672.48 250.56 44.64 8.49
000013 707.04 60.48 8.64 43.84
000013 736.13 177.98 43.20 8.77
000013 649.73 279.94 43.20 8.77
000013 738.20 215.65 43.55 8.70
000013 678.07 292.38 45.62 8.30
000013 852.25 261.27 39.40 9.61
000013 848.52 231.41 39.81 9.51
000013 688.00 34.00 8.00 47.35
000013 722.40 68.40 8.40 45.09
000013 721.20 70.80 8.40 45.09
000013 498.24 178.56 11.52 32.88
000013 741.52 273.72 44.79 8.46
000013 831.10 228.93 37.32 10.15
000013 644.97 206.03 44.79 8.46
000013 680.80 212.00 44.79 8.46
000013 740.52 268.74 41.80 9.06
000013 830.10 229.92 38.82 9.76
000013 674.00 79.00 8.00 47.35
000013 674.00 51.00 8.00 47.35
000013 840.00 176.00 39.00 9.71
000013 829.44 230.40 37.44 10.12
000013 673.92 201.60 44.64 8.49
000013 721.44 67.68 7.44 50.91
000013 855.36 263.52 40.32 9.39
000013 820.80 266.40 37.44 10.12
000013 508.03 177.98 12.10 31.32
000013 810.43 226.37 38.02 9.96
000013 858.82 266.11 39.74 9.53
000013 737.54 191.10 44.79 8.46
000013 806.22 247.24 35.83 10.57
000013 665.00 69.00 7.00 54.11
000013 670.80 50.40 8.40 45.09
000013 712.80 283.20 42.80 8.85
000013 781.20 37.20 9.60 39.46
000013 812.16 257.47 38.02 9.96
000013 705.02 58.75 6.91 54.80
000013 383.20 251.32 42.30 8.95
000013 469.40 247.24 35.83 10.57
000013 709.00 34.00 8.00 47.35
000014 390.24 221.76 18.72 20.23
000014 391.20 219.60 19.20 19.73
000014 343.87 165.89 20.74 18.27
000014 290.24 164.83 21.50 17.62
000014 390.00 222.00 19.20 19.73
000014 343.99 171.99 21.50 17.62
000014 296.64 123.84 23.04 16.44
000014 324.00 181.44 23.04 16.44
000014 94.56 92.07 17.42 21.75
000014 293.76 178.56 23.04 16.44
000014 391.00 223.00 20.00 18.94
000014 349.00 129.00 21.00 18.04
000014 289.00 121.00 23.00 16.47
000014 291.60 164.40 22.80 16.61
000014 279.94 167.96 22.81 16.61
000014 869.00 38.00 37.00 10.24
000014 672.00 246.00 25.20 15.03
000014 333.60 109.20 21.60 17.54
000014 1150.56 300.96 64.80 5.85
000014 110.59 307.58 50.11 7.56
000014 672.19 245.38 25.92 14.61
000014 293.76 177.98 22.46 16.86
000014 677.38 240.19 24.19 15.66
000014 795.47 247.24 28.67 13.21
000014 316.80 184.32 21.60 17.54
000014 1159.49 297.22 65.66 5.77
000014 279.94 169.34 22.46 16.86
000014 344.00 165.00 21.00 18.04
000014 855.00 49.00 36.00 10.52
000014 324.00 181.20 22.80 16.61
000014 796.26 248.83 31.10 12.18
000014 528.52 128.40 8.96 42.29
000014 537.48 161.24 10.75 35.24
000014 337.20 189.60 21.60 17.54
000014 336.96 188.35 22.46 16.86
000014 552.96 195.26 12.10 31.32
000014 323.14 179.71 22.46 16.86
000014 792.12 248.83 26.96 14.05
000014 1148.77 296.52 64.28 5.89
000014 678.07 240.54 24.88 15.22
000014 804.56 244.68 26.96 14.05
000014 292.38 163.81 22.81 16.61
000014 676.00 240.00 25.00 15.15
000014 867.00 39.00 37.00 10.24
000014 332.00 184.00 22.00 17.22
000014 349.20 128.40 20.40 18.57
000014 1085.76 230.40 63.36 5.98
000014 354.24 136.51 20.74 18.27
000014 381.89 131.33 20.74 18.27
000014 360.81 126.49 20.74 18.27
000014 278.69 169.21 22.39 16.91
000014 698.00 203.00 12.00 31.57
000014 697.00 201.00 12.00 31.57
000014 676.80 240.00 25.20 15.03
000014 249.60 158.40 21.60 17.54
000014 1084.80 229.20 62.40 6.07
000014 698.40 203.04 12.96 29.23
000014 658.37 233.28 23.33 16.24
000014 486.72 197.07 17.32 21.87
000014 794.27 247.84 26.87 14.10
000014 548.23 157.66 7.17 52.86
000014 404.90 214.99 17.92 21.14
000014 673.00 247.00 25.00 15.15
000014 392.00 220.00 20.00 18.94
000014 288.00 177.60 22.80 16.61
000014 525.60 131.04 10.08 37.58
000014 1154.30 290.30 65.66 5.77
000014 1149.12 298.94 63.94 5.92
000014 725.76 290.30 39.40 9.61
000014 389.84 221.88 18.66 20.30
000014 485.22 199.07 16.42 23.06
000014 358.32 164.23 22.39 16.91
000014 731.57 246.34 24.88 15.22
000014 474.77 95.55 17.92 21.14
000014 397.73 222.16 17.92 21.14
000014 281.00 168.00 22.00 17.22
000014 696.00 186.00 12.00 31.57
000014 494.00 39.00 14.00 27.06
000014 111.60 321.60 50.40 7.52
000014 110.88 308.16 48.96 7.74
000014 672.48 246.24 25.92 14.61
000014 344.16 165.60 20.16 18.79
000014 336.96 188.64 21.60 17.54
000014 309.31 122.69 22.46 16.86
000014 308.97 122.34 22.81 16.61
000014 274.71 191.10 20.90 18.12
000014 274.00 193.00 22.00 17.22
000014 289.00 144.00 23.00 16.47
000014 1155.60 290.40 64.80 5.85
000014 524.40 130.80 10.40 36.42
000014 343.20 108.00 20.40 18.57
000014 355.20 136.80 21.60 17.54
000014 280.80 168.48 21.60 17.54
000014 399.17 53.57 20.74 18.27
000014 1168.13 293.76 63.94 5.92
000014 793.15 248.83 27.65 13.70
000014 542.59 160.70 6.91 54.80
000014 724.03 290.30 38.02 9.96
000014 283.67 166.72 22.39 16.91
000014 293.62 176.67 22.39 16.91
000014 397.73 132.58 21.50 17.62
000014 308.15 121.83 21.50 17.62
000014 250.00 159.00 21.00 18.04
000014 659.00 236.00 24.00 15.78
000014 659.00 232.00 24.00 15.78
000014 111.60 307.20 49.20 7.70
000014 525.60 126.72 7.20 52.61
000014 498.24 211.68 15.84 23.91
000014 689.47 202.18 12.10 31.32
000014 342.14 167.96 20.74 18.27
000014 250.91 130.64 22.81 16.61
000014 694.66 194.92 12.44 30.45
000014 694.66 203.21 10.37 36.53
000014 866.76 259.20 35.25 10.75
000014 637.01 233.90 22.39 16.91
000014 653.93 232.91 21.90 17.30
000014 558.38 185.13 11.94 31.71
000014 471.79 101.52 17.92 21.14
000014 731.57 244.85 26.87 14.10
000014 550.00 153.00 7.00 54.11
000014 312.77 177.98 22.46 16.86
000014 358.73 163.81 20.74 18.27
000014 253.81 220.96 13.74 27.58
000014 530.31 171.99 10.75 35.24
000014 494.48 204.24 14.33 26.43
000014 279.00 187.00 22.00 17.22
000014 282.00 191.00 22.00 17.22
000014 695.00 194.00 12.00 31.57
000014 527.00 135.00 10.00 37.88
000014 1150.80 301.20 66.00 5.74
000015 799.20 110.88 10.08 38.13
000015 800.40 111.60 10.80 35.59
000015 800.06 119.23 10.37 37.07
000015 800.06 112.32 10.37 37.07
000015 242.40 52.80 38.40 10.01
000015 269.57 55.30 38.02 10.11
000015 800.40 120.00 10.80 35.59
000015 798.34 111.97 10.37 37.07
000015 984.96 101.61 37.32 10.30
000015 764.00 39.00 5.00 76.87
000015 991.00 41.00 22.00 17.47
000015 274.75 55.30 38.02 10.11
000015 290.00 105.00 39.00 9.86
000015 983.52 102.24 37.44 10.27
000015 159.67 68.43 39.40 9.76
000015 234.72 54.72 38.88 9.89
000015 286.56 51.84 38.88 9.89
000015 169.00 69.00 38.00 10.12
000015 1071.36 62.21 31.10 12.36
000015 775.53 118.20 10.37 37.07
000015 1000.00 41.00 23.00 16.71
000015 169.20 69.60 38.40 10.01
000015 1028.16 73.44 25.92 14.83
000015 174.53 67.39 38.02 10.11
000015 763.08 72.58 6.22 61.79
000015 701.71 159.25 4.98 77.23
000015 807.60 46.80 9.60 40.04
000015 172.80 67.68 37.44 10.27
000015 761.76 120.96 7.20 53.39
000015 798.75 111.97 9.95 38.62
000015 999.60 40.80 22.80 16.86
000015 763.20 120.00 7.20 53.38
000015 181.44 60.48 38.88 9.89
000015 1036.80 70.50 29.03 13.24
000015 1146.00 37.20 37.20 10.33
000015 774.72 110.88 7.20 53.38
000015 439.00 119.00 40.00 9.61
000015 1074.24 57.60 33.12 11.61
000015 701.71 166.72 4.98 77.23
000015 795.47 114.66 7.17 53.64
000015 992.00 44.00 23.00 16.71
000015 951.00 95.00 38.00 10.12
000015 981.60 88.80 37.20 10.33
000015 1089.60 57.60 32.40 11.86
000015 792.00 49.20 8.40 45.76
000015 164.16 63.94 38.02 10.11
000015 288.00 51.60 39.60 9.71
000015 1090.08 53.28 31.68 12.13
000015 797.26 116.45 8.96 42.91
000015 286.65 104.51 38.82 9.90
000015 996.00 35.00 23.00 16.71
000015 785.00 149.00 9.00 42.71
000015 1030.80 73.20 28.80 13.35
000015 561.00 143.00 22.00 17.47
000015 1031.00 75.00 29.00 13.25
000015 783.36 61.92 7.20 53.38
000015 1035.07 72.58 27.65 13.90
000015 474.77 107.50 35.83 10.73
000015 614.00 41.00 8.00 48.05
000015 283.68 50.40 38.88 9.89
000015 784.51 60.48 8.35 46.02
000015 124.42 79.63 37.32 10.30
000015 266.25 121.93 32.35 11.88
000015 175.58 182.74 35.83 10.73
000015 177.60 58.80 37.20 10.33
000015 233.28 55.30 38.02 10.11
000015 696.38 174.53 5.18 74.15
000015 776.36 116.45 8.96 42.91
000015 777.55 114.66 7.17 53.64
000015 692.00 177.00 5.00 76.87
000015 807.84 44.64 10.08 38.13
000015 775.87 110.59 10.37 37.07
000015 804.00 38.00 9.00 42.71
000015 996.48 46.08 23.04 16.68
000015 1035.36 72.00 28.80 13.35
000015 247.68 51.84 38.88 9.89
000015 174.18 68.43 39.40 9.76
000015 1028.51 72.58 20.74 18.54
000015 633.03 188.12 8.96 42.91
000015 390.57 236.49 28.67 13.41
000015 676.00 188.00 5.00 76.87
000015 469.20 122.40 34.80 11.05
000015 782.40 151.20 8.40 45.76
000015 763.78 70.85 6.91 55.61
000015 111.97 93.31 37.32 10.30
